10 10
3.5627170220502986 6.609693155192522 4.889228972382655 4.189485973302303 3.0317191809150223 3.5969034799158868 2.7088636874912817 1.1976392986274993 7.241414510788326 3.386680024745102
2.118445283598839 0.03193230344616094 2.3935183345766804 0.12169643147478304 1.9965990663331619 0.9500725738993081 3.690323041951107 3.7452700381050317 3.58457310965668 3.184118636063701
3.179301043570381 0.7716064477538715 2.086355262650909 4.645357027397352 1.4285488500136614 2.484881374804509 3.978588757546869 0.720007502672253 6.35984638530702 0.6096588558813565
2.8009951191514872 4.016388364814552 1.9168907311890377 5.8050852648967615 4.56325543361499 3.730828496375598 1.0018110314883453 3.2126745524982745 6.699250270565336 3.889926932151849
0.17836844593292422 4.7179000468539565 4.200483250675745 4.544543178086567 2.0302967956832134 4.10866599112442 7.757580866643919 6.577627847430496 7.618221019056825 2.8995399816412757
5.6064239542139855 3.001461294338754 2.7046474628726944 3.103251039308531 3.1850705086345528 5.252546987857857 1.9491107458035772 4.558972633346614 5.746900262475483 5.065435470151868
1.9878202712042548 2.6284485845654944 3.05342712645296 2.012948293277864 0.24413227777108126 6.8387528744401695 1.9387312940464438 5.836765188737321 3.408152135490254 2.5602779582091477
4.686576519404016 3.5049796062086074 3.639308778188509 0.9362164341437644 3.581316861309989 4.620967220277748 2.0490314438282304 1.0408639358700178 4.798048674638984 6.112146436496478
4.818610832751273 4.073950047530296 2.978991222634657 2.6986520903885296 3.254679086594499 1.833198853230967 6.573492717647008 0.17606068012940845 1.7753906804681554 5.643441317175173
2.4355785075054577 2.9718048324973427 2.329285633029449 6.423318027003263 3.4504028349890703 5.02854923495957 0.6758608974389171 7.69776411343269 4.649278247019341 6.84198106885635

10 10
7.559058031043717 7.282950759275592 7.4751453954300615 3.7503037031697604 4.555814820590932 6.364111466453474 1.9424740811741188 5.470045794590371 3.5470836061886155 5.313752832692902
5.358826248578954 5.522729909870241 3.279563770030969 0.3841580338222439 5.840819971581644 1.2278597014124317 2.4476460067016976 2.39093998260405 3.8807139620147106 3.8709908026202866
5.132809628974776 0.13897885262032084 7.241818855433481 5.854459549168162 3.7909716646186693 1.4360312519182168 2.196416676768288 0.9498755578943072 1.0386941505014402 5.679743713133414
3.3478015436382025 7.9245755743299595 6.542379221241842 7.272805156024321 7.276260797307863 6.648868150793666 3.101221127518863 1.5762721850234902 5.355756535280896 2.1623003998303076
7.063376801178946 0.8722194354862589 4.118877796859697 5.720433172481635 5.025256703903442 0.4278054744674691 1.0327065061541125 7.245736587677427 4.021960326456003 1.9698480755227417
0.14179597381176112 6.92048845019907 4.040740385103937 1.9334645457117325 0.6761230950975925 5.324956925025322 7.733028491956327 0.6078208670915588 5.74306012902428 5.571919784350272
3.7599937395810032 0.17959058464761224 2.1417077414320627 5.545701105401038 7.427138580213505 2.2228531590171157 0.4058053079568875 2.347657756189429 1.1110734465246708 5.678445575520722
1.77714190845158 5.44147856172712 3.0570059662797355 4.030234282631595 7.790570539386488 0.7833023004345998 7.096251608646787 7.135374815058393 1.492416309714315 2.856635764236091
7.122159231753487 2.1511772251850134 0.15741494245010657 0.6176285010902038 0.43208928349621445 1.0124532386993694 1.4459537381404122 6.988058654478406 2.3242236468887887 3.2588777343393556
4.62946069487387 4.061469110742335 0.3866846582841239 1.7658552216825916 1.0024705504232925 5.060818721413828 3.250954506553618 2.5790374924877693 4.2592783111446675 3.7525651633100283