20 20
2.1784104965469533 6.597441401542046 4.710688120070605 5.63697361686267 3.54179994017786 5.34506703717843 5.810537361548302 2.4744509447576943 6.883728556381748 2.928315803629517 7.1045103628485435 1.9957433828997102 5.0817904588201595 5.834558636821156 2.5255604745223508 3.835920247106432 0.8568808421810994 2.724997915849406 5.996517629536788 6.402780070741513
3.1872828526303225 6.541655880091841 0.6038052495165571 2.431564095436528 1.5305848748761672 1.173202411439104 0.46561878699247305 3.769999269793818 6.667999611260377 5.101854946213505 3.1250415837874366 5.814454057207643 4.540982810057918 6.317853928199866 4.459506434083815 6.312943219598498 2.482373881554353 1.8610748910936756 7.871392007809592 1.3209646755841185
1.6752236491616594 3.8227568276763915 2.626917722310922 2.049045578942236 5.030173627784868 3.223399539121454 5.821253228039399 2.911699458668812 4.724407905225708 7.134763780861351 5.266469898725722 7.92893859829252 4.071450251683014 5.784108010111014 4.909079879867032 3.3670449885450857 5.157333129009308 7.318153483581068 4.647968584427179 4.248898706514994
7.612110569445442 0.06413186401774063 0.03694384098658876 1.8188595401191936 2.3270576733852115 6.167643961269065 5.012233024064966 3.9391951782615626 1.2356931100887971 1.2419265750581623 3.306993456324099 0.2880032456577801 5.006979199586898 4.175467636318572 4.342307618407256 6.001573908326345 7.798118925251626 7.343169917006325 1.6504883122775666 6.606960306770818
1.0906545594546637 6.4098017407563095 4.282508025184437 4.602817904148693 2.074237177500378 3.391611869787865 4.452180115182564 3.046563480051364 4.194419864946621 5.679160772789826 0.16502709286789763 6.572248633065577 0.7802664047274437 5.755903501497446 5.977915628216645 7.876809365447528 0.5626642158282928 6.287557155637517 5.72120965376895 3.2176987162557396
6.541004543923104 7.18712137973325 7.434159056566844 1.668442364339998 6.897240437404481 1.7847596678392552 7.384651697513039 2.7880512886530493 4.288580854469566 0.26598314364808484 5.130883712127887 3.0678757649051276 5.505925340007312 7.607332987689781 2.25390386507869 7.812940043328629 5.429162186098242 3.284841967727356 6.077537073926943 7.611494059758426
7.0368947651169655 0.19611540181321896 0.9374701326006729 0.22734167027486496 5.685960334347334 6.980270742400411 1.092348310283917 3.8738346986114376 3.5585535127359282 7.535607299757224 7.251168440480283 3.8799057281537506 1.5601891009062046 0.3506621771846161 1.7200808307117557 3.5373792364439964 7.158088821148141 4.686364593769609 6.34097246322541 3.7590929933510715
2.8478528317957608 3.260497843525134 0.11277432331637716 2.983292447166763 1.7029438423870698 3.553025563339097 5.396329972840713 6.114246200887411 1.7249938931456246 0.5475678938928175 0.6079465259020989 1.0568822673768672 5.0892895355697805 7.103566390668432 4.723215215282783 2.666591494182975 0.14163307479606058 4.245964842815119 2.7939813088126613 2.049210005538389
2.0826446973416353 5.015125949682827 2.75746233650945 0.611034459657751 3.004136641270077 2.290767721071985 0.7673946133636216 2.334148297267766 4.766439810652007 6.34970534858611 4.345425526731866 4.818102512435224 3.0012958992482233 1.5071356107552392 2.3463432939598077 1.9043402125780613 6.830226236965919 2.4783349761005073 6.9140217446562175 2.2480625065345485
4.934424075163428 7.9984295260060305 0.4861803704164238 2.5454322692802354 3.36589551383459 4.2880244039574285 0.36405251487632384 0.5908935770323112 7.870000518266075 0.9219749412282523 1.4990131516420142 7.5964820299231395 1.782522430766317 7.884907934139051 5.847385179870987 2.765745584952609 4.46552646782963 6.690575019151347 4.53089239288773 2.024921850569151
7.662020125608274 1.796152972171262 2.857320977427408 7.463579137856254 7.092776413359438 0.008548853743219453 5.615301387453515 5.316727369454261 0.7771523119341843 6.924536140317679 6.016125492569492 5.744119792229843 3.4509649416541306 2.180386848000496 5.456799361206491 1.0765861881835033 3.9264491045121357 2.773858045566164 2.5713412262691335 0.8724057842533837
0.6659862269569397 5.902418635293103 6.374733905809835 6.188345655373285 6.209904408842382 0.133797649703002 4.36371038833016 0.1571642863979763 2.6754880111271913 5.119638455300629 5.669021071212761 0.5916573367800728 3.6271975936135465 7.396907448031394 2.6499772945424063 1.1999617206262458 1.0661485699392648 6.100271952972928 6.710008222216417 4.448719773384079
7.95683580791355 3.7153586902988556 4.099408513241796 2.9368972822491086 1.8574747092774944 5.740308912028617 1.9733987914952573 2.299558088133396 0.9550212735096277 3.6371945428968147 4.504445356793493 2.2606302854572 4.355432859820488 2.5479934776103486 1.1906998409091853 2.9297567284025954 1.0876125937971652 2.7466959322396365 4.839013280677838 0.23550707045710784
7.420366089257356 6.875361263218381 4.369857662472867 5.4361377544043465 1.5056176343773995 7.781264548891409 2.2776644186538952 1.7291892482348041 6.847728480119158 2.4076034120853445 7.851235864709328 3.830994325105962 6.673773509226041 3.0041845153794826 0.7709773553492747 0.5323137095024943 4.0126884334539925 0.589078392670662 5.650267764005708 2.485469478644049
6.55321320530581 1.2280854497133387 0.795435718150725 2.763271451277788 2.2022700600366685 4.802093114425453 5.855696730699865 4.762024775247968 1.2143968268399146 2.210224674130931 3.1550438968032726 0.18788088913497525 5.79398699052396 1.580796426107451 0.5433202993798636 7.777478767701347 0.8472103353202254 6.0249200492484345 4.8787685668933545 4.255053863051523
3.761535924950163 2.704600781917325 1.622882433884274 4.746349588361614 1.7065844246286952 0.8012040668441278 5.317598069774463 4.776083586126549 6.988544500947303 5.705130686380245 0.5925001220789561 2.814994223170431 5.7672230523789025 2.9616780722069214 4.927307445741743 1.4571904524164978 3.9099615504509426 7.4642777421166615 6.518950855583693 1.6814249008034663
7.016515831942541 0.6349614320447525 4.031072438538534 1.9657478889461402 4.269669440530892 0.758580627388068 7.82377940425346 5.06333510519131 6.102486187237137 5.217808396930699 5.874670871081953 3.2558237617515324 3.094285459001134 2.86471065351063 4.141423003737246 1.7874074511255387 2.2341572978399418 2.8502431724297086 7.019607507413152 6.898528699817599
2.1635916451632378 6.039885503206887 6.283002190243113 3.975186973034221 6.423910989702585 3.8409641682797995 5.44205694266939 7.660110819028474 5.054146550449377 7.979430173491296 1.530114384964155 3.4251965837980025 7.323243531598649 5.090542465474515 3.2704226790275595 0.13203824599818592 1.3678122783779951 7.785933941593295 0.9179078814926749 7.1999359884220455
1.4577980863000972 3.7405454896184818 0.09853284445692889 6.143175932842459 3.5849233129767875 6.635709703121954 2.550761904643661 5.185777928195715 4.19032826331525 5.186130368949487 1.0109635804103076 0.6269387417733716 4.418408515137223 4.401608658763303 5.09728914256458 2.811940746948661 5.7880011086216765 1.7962022201337877 2.576746928571797 5.558789624994982
1.471754704305618 3.167885159628657 5.29903163165152 4.7296981128476485 2.599798965056288 2.853259177894074 5.480235771378975 1.445334077665482 3.7713471027196084 2.9832042249144166 0.4361418969442017 5.681700789478373 5.524015404738622 4.5415649535600195 5.184788682090051 2.8450700849924955 4.916109220500762 7.281985450276244 7.022480755618001 4.083380994083375

20 20
0.1824796139685536 0.19752745197319288 0.3840761744296637 0.27026776607127534 3.7165999370874987 1.875769597561665 5.784269316340218 4.281012439529141 2.1740407501252115 3.7766640237491735 0.955182744305618 2.8447385028665853 0.36473983690671785 1.2099023719676376 2.2679965678350005 5.407015772616811 3.828207509581307 4.986387693416943 5.178985983783411 0.29710740642468614
3.5227486514371824 3.2700487988448668 1.6045079701655753 2.092610755090532 2.400042057492031 3.4223163535401016 4.026962400842654 1.3484544756141104 5.027464432420831 1.9904783287029857 0.4189209853227107 4.027641409683452 5.304556779362269 1.0575195514486715 1.5014483334716016 0.9626477071799351 3.1996518044595335 0.7824962528548862 5.531745696064086 4.1599180502547
2.670598730070643 0.2905633735853388 5.748619531263689 0.0977235815840547 3.8732322233889596 2.2411478414194406 4.004017041230437 4.650315365439504 4.5842624772351845 3.6829279103769847 4.057777568938278 0.38342196289226327 5.868536460489962 2.688579766276062 1.3712145458482128 1.4160114998470592 0.7336560096057072 5.736355116206859 5.283141147563436 0.07007570515731332
0.29154034071457335 4.424886517180745 2.7613002420933537 1.0792951318580368 1.8595198136174937 0.7023231059274713 5.741567029888533 0.6768050362729627 5.924949131752849 2.400606097517152 2.1031793598824606 5.972595383005598 0.8941408217164606 3.3600401109482925 3.8675640604845034 5.928609733402327 1.6891834486219957 4.623279751119318 2.059681111004804 0.5725098491925018
0.06320547281371458 2.428052807018 5.398879640027147 1.8860759123790682 5.496527220603055 4.284990685661022 4.717419302644215 0.39232048695889477 5.088570286033234 3.977326175844477 2.6014162541174963 4.355195415840102 5.540094465343959 1.1449458632323104 4.099625579083989 5.743999959675207 0.6460907017979831 0.17644486369531398 2.6210902776645453 5.556392729663033
2.9261010480813594 1.1522914417694274 1.1924447072167705 3.5959340580929915 4.314588249885098 1.7853602162184674 5.110028581008534 2.665349064226845 4.207480561306117 0.3287883765878097 1.40592307549822 1.334759081559417 4.9684971077163285 0.8146759016443872 4.716004968784892 4.875295226192453 3.134938224688831 0.034257391679964 3.0522678325245725 0.11978313886601244
0.4059428594222192 1.7830212090229893 2.457316761316812 3.0653136246517763 5.080037979548934 2.9670007832210166 3.4140337715125315 2.7509610702422513 1.92741831772801 2.665336222036238 5.3957273307628 1.735144310675842 0.18830861012431077 2.100118210900315 3.9875282383249515 1.7480256668872856 0.7979417771302819 5.004465933198275 0.9811164395456 0.9198821331981306
2.629168471934806 3.3233630722835183 2.838984641038487 4.575207346225406 1.3760020218923186 0.5944467125086983 0.7801954316970214 5.97160221538074 2.46763997406312 0.26978424655596234 5.591648112601839 4.619422557887283 0.876820035064263 3.91218671198512 5.809991731753496 0.734362354263451 1.2209513574667035 0.823139754263218 4.633310705914878 2.33142555917869
3.7436819403207413 4.000010166587693 4.924988481929086 1.4842771953273162 3.716535708479574 5.108778032569287 3.8949124931306605 3.231069623768469 1.5456526969518471 1.174252850929279 2.799122424041324 2.019721994420342 3.0452222008307865 1.546155333701846 3.3828963031278207 2.2348265282242483 3.4662225229164365 1.5533418020732097 0.437878330622969 4.3058282614230565
0.9802855583689456 3.012318947590984 3.4317567470398984 3.437886719026422 4.234140087303917 4.005484248666113 0.0175309679714879 4.48392985622424 5.013680274980463 3.3052639245554882 1.6714371948807059 2.725271121805198 5.960499541449164 5.657181541903388 3.9333197926946757 5.044201459297284 1.6721640328328424 1.4464381001571984 1.0874979580669328 0.8982511970153002
5.5738620892882516 4.204274084334271 4.1307992843184085 3.8807342602887474 3.295632067762502 2.460242107501 1.623719996416487 3.332772472751259 5.552213844922624 1.2644291010552775 5.283468860039712 3.340041503308943 4.566217854465717 1.7179684120063092 0.8396547409630932 3.0592313768095716 0.22130127539342714 3.5096118840937605 2.115667985387227 3.0798251092271762
2.346533994643197 5.670196495411834 3.1156258651646573 0.01113433228131333 5.222477607415247 2.9804657871877622 0.3534232089878766 0.6833641044723031 0.12891652672389253 4.858086531862088 1.9743732147983517 1.8176909833979407 3.1243097192022287 5.803034855956724 0.8736031471823011 4.6608637582745995 1.3679296762286444 0.25944127920819704 3.2107268960861655 4.734385196488739
0.6620376405384472 3.8832222587810343 0.7164451978631805 5.080497014569239 3.5937331705517006 2.409409566487848 3.4882765822064954 3.66939023138179 3.211067358785337 3.5321087213492923 3.882912963334089 1.6835623654596903 0.8399732364485284 1.1886251137021968 5.095559198685446 2.055630019240303 5.255214880150498 4.383919642255073 5.45350200088187 1.9466313437224323
1.2820502301654297 3.9806520905058753 4.257395073186089 5.124509602821349 0.2665105358497073 0.23676850927339155 2.269497676911266 2.5560760463383163 2.9618839575973697 2.874627461610269 1.3298685067209488 2.9261806821115286 3.8619531884855443 2.559456832264455 1.6257198007177103 2.279113760230989 1.3659522575645098 0.3424695825593347 1.4267461305735925 4.776907511962057
0.3947117386522767 4.555808578726392 2.202424011726146 1.328472791742065 1.3923721218543852 4.651943350644435 5.843375928506114 5.786647261023681 5.336920480444901 2.5634412890951563 3.079464058390922 4.9904030926718415 3.4976954840760324 4.445637209005934 5.955530103122669 0.5302049595041016 5.282961286191408 0.2598271339341962 2.0735104915503113 4.144907264165406
1.9002389439018965 5.664897906914737 5.273503995306016 3.3775717767782023 5.7910325259317545 0.6281491438364124 4.862919414964657 2.589661314919457 3.486165753673725 5.340814534849825 3.3784513899435167 1.0953832365698546 4.878287300082057 4.1888560032072615 1.8949286450542677 5.505825747737795 0.9804069923148091 0.6650201522626547 0.24841049766506518 5.103290180269458
5.443144466914887 1.6187580029474367 1.9734782786416032 5.875520135800578 4.488844283863855 5.0312554890602685 3.261896642878602 5.867817253932691 2.874135831223415 3.1388772171250827 2.946466769694978 3.8300665409331134 4.483752741523917 3.4778655613058715 3.9771597748487153 5.357249883183905 2.5047783298742887 3.438964131633635 4.860754625747025 1.9659364132783013
4.3956827090077 3.3107102841979374 0.7188169537211444 4.764997487331021 1.6340073436215068 5.469074844010471 5.018761614641699 0.9314624258433726 0.47919728628634406 5.623174489726854 2.8100896936510553 4.104613614483853 5.296396686318528 3.102858107602874 2.1222327152298353 5.4889281526890095 2.1506797149713446 0.17234427364058336 0.28193404191003846 0.6084268131124067
3.4552385299695683 3.1609615585567568 4.138107177644261 1.5249090939757384 3.360059412409864 2.510914809842616 1.4193601230935027 1.9140886360896083 2.591393470440909 1.0750224304929825 3.5664427515898085 0.11007182208124355 0.530477861000717 3.903101340831247 3.9750079824803586 1.1428870971552827 1.3874780611270814 4.58666225581426 2.0860771670610854 5.5618622315235795
3.299841615769777 2.342801459910623 2.8645598107511674 0.6737760283509773 3.16879601841406 5.768377696832628 5.3601516150644875 5.711844996253533 1.3707219921555462 2.65742208710025 2.0058414393205135 2.7446936147303265 4.112182533354256 2.6632729970268296 4.368540972705784 5.647554526913613 4.539860587573848 5.211927491836826 3.291412038552608 3.4744513374032495