4 4
2.580517869527826 0.365388815849907 2.6932372980106902 1.9405942527990194
1.7145650267929402 0.013403546584782045 0.1092240261471974 1.8240166902725976
1.864874954179835 0.8946705897745144 0.12689171362487595 1.1399541034206107
2.5184781702858783 2.4468834269844146 0.9996028120997406 2.802119790719897

4 4
0.3029679576660871 4.198351379562976 1.9038519061910737 4.244375500889975
3.86588240790118 2.05237181435887 0.4292116863081674 1.7728160495812677
0.5110520333723634 0.2841302749909247 1.0664715559960192 4.762393766902625
3.2214869408470053 1.3066320292051015 0.8136468538100006 0.24283355989742128